12.8838109 77.5829501
12.8872242 77.581826
12.8890015 77.573385
12.8897963 77.5855829
12.8902416 77.5821288
12.8917914 77.577754
12.8917987 77.5836861
12.8919779 77.5817794
12.8921504 77.6282442
12.8978624 77.5845084
12.8982804 77.5858544
12.9003937 77.5858415
12.9003937 77.5858415
12.9003937 77.5858415
12.9003937 77.5858415
12.901773 77.594978
12.9019819 77.6042056
12.9019819 77.6042056
12.9029512 77.5856205
12.9032116 77.5877971
12.9033045 77.5917385
12.9037401 77.5870418
12.9038753 77.5859068
12.9042116 77.6507228
12.904529 77.5855601
12.904529 77.5855601
12.9052573 77.5841502
12.9059478 77.6058923
12.9061386 77.5929986
12.906285 77.5874455
12.906285 77.5874455
12.9063438 77.5711549
12.906383 77.596713
12.9063958 77.5886106
12.9066907 77.602318
12.9069779 77.6634925
12.907355 77.5985151
12.9078089 77.651859
12.9079765 77.6517237
12.9085621 77.5859526
12.9088826 77.5857567
12.9088826 77.5857567
12.9096504 77.6533028
12.9104699 77.6139457
12.9112119 77.599166
12.9113897 77.584992
12.9115788 77.5857133
12.9119893 77.651832
12.9119893 77.651832
12.9119893 77.651832
12.9120766 77.6494981
12.9120799 77.5745235
12.9121181 77.6445548
12.9121301 77.650205
12.9121594 77.6516733
12.9123174 77.5878411
12.9124495 77.6516763
12.9125828 77.6510904
12.9125828 77.6510904
12.9126877 77.6532769
12.912702 77.652479
12.912702 77.652479
12.9127245 77.5958453
12.912786 77.6520296
12.9129272 77.6516473
12.9129272 77.6516473
12.915173 77.651588
12.9154599 77.6491032
12.9156333 77.6516664
12.9156577 77.5994159
12.9156577 77.5994159
12.9156577 77.5994159
12.9158698 77.5860082
12.9159261 77.6497332
12.91615 77.6488823
12.9163356 77.6521815
12.9163752 77.6497418
12.9175337 77.6504572
12.9175337 77.6504572
12.9175337 77.6504572
12.9175337 77.6504572
12.918756 77.6851939
12.9189625 77.6449137
12.9194418 77.647291
12.9194511 77.6487443
12.9196367 77.6494753
12.9196402 77.6444792
12.9202927 77.6451278
12.92178 77.6451944
12.9221548 77.6453711
12.9232993 77.6514254
12.9236427 77.6497211
12.9253796 77.6876118
12.9257303 77.6651649
12.9257475 77.6143829
12.9267407 77.6895485
12.9324386 77.7081077
12.9324386 77.7081077
12.9348526 77.7011853
12.9354544 77.7008985
12.935653 77.695588
12.9367813 77.7104589
12.9371558 77.7023374
12.9371973 77.7024654
12.9387303 77.6951242
12.9389269 77.6946805
12.9394098 77.6951573
12.9394137 77.6952031
12.9394137 77.6952031
12.9399329 77.6979661
12.9399931 77.6962218
12.9399931 77.6962218
12.9399931 77.6962218
12.940234 77.6959631
12.9404534 77.6977171
12.9404534 77.6977171
12.9409139 77.696234
12.9428771 77.6966127
12.9432425 77.6919057
12.9446164 77.6836756
12.9481544 77.5971734
12.9482807 77.6983956
12.9482807 77.6983956
12.9482807 77.6983956
12.9483018 77.6994652
12.9483018 77.6994652
12.9486437 77.6996774
12.9486582 77.6899712
12.948889 77.686014
12.9493355 77.6998041
12.949365 77.6990172
12.9499232 77.6976686
12.9499411 77.7006733
12.9499411 77.7006733
12.9502139 77.6989321
12.9503914 77.698676
12.9539498 77.641089
12.955812 77.713686
12.9577656 77.7011709
12.9599925 77.6407538
12.9600892 77.6357111
12.9600892 77.6357111
12.9600892 77.6357111
12.9609857 77.6387316
12.9613059 77.6366221
12.9614154 77.6349097
12.9620069 77.6343767
12.9641908 77.7019459
12.9653791 77.638034
12.9653791 77.638034
12.9698507 77.6359686
12.9698565 77.7515638
12.9699142 77.6379417
12.969924 77.6388704
12.9699539 77.638717
12.9701997 77.6391119
12.9701997 77.6391119
12.970274 77.641387
12.9711854 77.6369099
12.9727187 77.6351405
12.9735121 77.603345
12.9739924 77.6124456
12.9740428 77.6071375
12.9743127 77.6077163
12.9743603 77.6050414
12.9746635 77.6076522
12.9746781 77.6049028
12.974685 77.605791
12.9748809 77.6056454
12.9749903 77.6047836
12.9750224 77.6449302
12.975079 77.603155
12.9752302 77.6034622
12.9756472 77.6022537
12.9756472 77.6022537
12.9757082 77.6023934
12.9757082 77.6023934
12.9757954 77.6019081
12.9771437 77.6325642
12.9778862 77.6461979
12.9783143 77.637585
12.9783692 77.6408356
12.9786738 77.6362003
12.9809038 77.6398129
12.9860236 77.7084196
12.9998189 77.7151616
13.0017902 77.7231486
13.0017902 77.7231486
13.0017902 77.7231486
13.0017902 77.7231486
13.0031532 77.7126242
13.003555 77.7245487
13.0043122 77.7103151
13.0044944 77.7125871
13.0044944 77.7125871
13.0044944 77.7125871
13.0044944 77.7125871
13.004608 77.7140429
13.0077274 77.7342053
13.0077274 77.7342053
13.0103509 77.7034883
13.0112545 77.5063609
28.5557207 77.2096637
44.4767527 -73.2126288
