25
12.907009 77.585678
12.974678 77.604902
12.916375 77.649741
12.975079 77.603155
12.972718 77.63514
12.949365 77.699017
12.905257 77.58415
12.943242 77.691905
13.027497 77.634581
12.907355 77.598515
12.906285 77.587445
12.923299 77.651425
12.942877 77.696612
13.004608 77.714042
12.918756 77.685193
12.912927 77.651647
12.907808 77.651859
12.975647 77.602253
12.975795 77.601908
12.908562 77.585952
12.912702 77.652479
12.911989 77.651832
12.953949 77.641089
12.937155 77.702337
12.911578 77.585713
12.97523 77.603462
